  "bd01"=@(@(343,496,801,985),@(129,986,588,1476),@(523,1494,981,1983))
  "bd02"=@(@(0,1431,336,1796),@(393,1431,732,1796),@(789,1431,1125,1796))
  "bd03"=@(@(497,90,1054,834),@(109,1075,653,1802))
  "bd04"=@(@(655,422,1082,986),@(695,1179,1061,1668))
  "bd05"=@(,@(267,642,955,1567))
  "bd06"=@(,@(152,158,963,1230))
  "bd07"=@(,@(118,566,966,1374))
  "bd08"=@(,@(231,711,894,1457))
  "bd09"=@(@(66,557,585,1088),@(599,1220,1034,1663))
  "bd10"=@(@(608,424,1083,889),@(608,935,1083,1402),@(608,1449,1083,1924),@(88,1449,562,1924))
---MASKS---
  "bd02"="NONE"
  "bd04"="NONE"
  "bd08"="NONE"

