  "cp01"=@(@(222,295,990,775),@(165,775,905,1295))
  "cp02"=@(@(0,0,1125,667),@(0,667,1125,1333),@(0,1333,1125,2000))
  "cp03"=@(@(31,161,689,665),@(152,704,810,1200),@(271,1239,929,1735))
  "cp04"=@(@(500,40,1069,788),@(111,1085,672,1833))
  "cp05"=@(@(117,161,531,712),@(416,826,855,1412))
  "cp06"=@(@(487,481,832,941),@(180,1309,534,1664))
  "cp07"=@(@(167,357,723,842),@(365,1285,918,1766))
  "cp08"=@(@(459,559,993,966),@(296,1145,661,1561))
  "cp09"=@(@(145,344,560,759),@(603,344,1017,759),@(145,803,560,1217),@(603,803,1017,1217),@(145,1261,560,1676),@(603,1261,1017,1676))
---MASKS---
  "cp02"="NONE"
  "cp07"="NONE"
