  "gs01"=@(,@(224,836,944,1684))
  "gs02"=@(@(188,352,936,836),@(188,872,936,1284))
  "gs03"=@(@(88,484,552,1092),@(568,484,1024,1084),@(580,1120,1032,1708),@(120,1124,552,1700))
  "gs04"=@(@(32,52,368,708),@(392,52,732,708),@(756,52,1092,708),@(32,1292,368,1944),@(392,1292,732,1944),@(756,1292,1092,1944))
  "gs05"=@(@(77,77,1049,1051),@(58,1591,459,1970))
  "gs06"=@(@(68,620,1056,1140),@(552,1172,1056,1628))
  "gs07"=@(@(61,186,526,662),@(634,780,1072,1223),@(44,1393,500,1854))
  "gs08"=@(@(68,478,515,1065),@(665,949,1082,1378))
  "gs09"=@(@(519,477,997,814),@(91,1006,600,1370))
  "gs10"=@(,@(222,628,856,1306))
---MASKS---
  "gs01"="NONE"
  "gs04"="NONE"
  "gs06"="NONE"
