  "is01"=@(@(83,275,542,900),@(52,973,510,1598),@(615,399,1073,1024),@(583,1097,1042,1722))
  "is02"=@(,@(188,300,1004,1112))
  "is03"=@(,@(251,599,901,1288))
  "is04"=@(@(113,158,523,573),@(604,729,1034,1173),@(95,1366,526,1806))
  "is05"=@(@(111,280,445,759),@(493,431,1008,911),@(533,945,1048,1425),@(150,789,483,1268),@(188,1298,521,1777))
  "is06"=@(@(52,328,531,1021),@(573,1052,1057,1751),@(45,1139,546,1593),@(573,314,1065,901))
  "is07"=@(@(132,198,845,880),@(287,879,1087,1669))
  "is08"=@(@(231,110,783,662),@(49,1295,601,1847),@(502,736,1054,1288))
  "is09"=@(@(136,552,386,851),@(430,552,989,1536),@(136,895,386,1194),@(136,1238,386,1536))
  "is10"=@(@(571,181,1055,680),@(105,1105,549,1560))
  "is11"=@(@(116,252,564,884),@(468,1120,1004,1880))
  "is12"=@(@(146,1421,922,1867),@(497,103,976,819),@(118,307,429,777))
  "is13"=@(@(102,603,741,1361),@(786,601,1052,947),@(786,1015,1052,1360),@(786,1427,1052,1773),@(102,1426,368,1772))
  "is14"=@(@(562,0,1125,556),@(564,556,1125,1120),@(564,1440,1125,2000),@(0,1119,564,1689))
  "is15"=@(@(176,567,949,1060),@(176,1255,949,1749))
---MASKS---
  "is05"="NONE"
  "is07"="NONE"
  "is08"="NONE"
  "is12"="NONE"
  "is14"="NONE"
  "is15"="NONE"
