  "bd01"=@(@(322,465,822,1102),@(108,955,608,1593),@(502,1462,1002,2000))
  "bd02"=@(@(0,1431,336,1796),@(393,1431,732,1796),@(789,1431,1125,1796))
  "bd03"=@(@(497,90,1054,835),@(109,1075,653,1802))
  "bd04"=@(@(655,421,1082,986),@(694,1179,1061,1668))
  "bd07"=@(@(118,566,966,1374))
  "bd08"=@(@(231,711,894,1457))
  "bd09"=@(@(65,557,585,1087))
  "bd10"=@(@(608,424,1083,889),@(608,935,1083,1402),@(608,1449,1083,1924),@(88,1449,562,1924))
  "cp02"=@(@(0,0,1125,667),@(0,667,1125,1333),@(0,1333,1125,2000))
  "cp04"=@(@(500,40,1069,788),@(111,1085,672,1833))
  "cp05"=@(@(117,161,531,712),@(416,826,855,1412))
  "gs01"=@(@(173,873,1015,1716))
  "gs02"=@(@(188,349,938,839),@(188,870,938,1286),@(188,349,938,839),@(188,870,938,1286))
  "gs03"=@(@(597,501,1028,1076),@(96,522,527,1097),@(555,1129,987,1704),@(579,1135,1011,1710))
  "gs04"=@(@(31,52,372,708),@(392,52,733,708),@(753,52,1094,708),@(31,1292,372,1948),@(392,1292,733,1948),@(753,1292,1094,1948))
  "gs05"=@(@(77,77,1049,1051),@(58,1591,459,1970))
  "gs06"=@(@(68,620,1057,1141),@(549,1172,1057,1630))
  "gs07"=@(@(61,186,526,662),@(634,780,1072,1223),@(44,1393,500,1854))
  "gs08"=@(@(68,478,515,1065),@(665,949,1082,1378))
  "gs09"=@(@(519,477,997,814),@(91,1006,600,1370))
  "gs10"=@(@(222,628,856,1306))
  "is01"=@(@(83,275,542,900),@(52,973,510,1598),@(615,399,1073,1024),@(583,1097,1042,1722))
  "is04"=@(@(113,158,523,573),@(604,729,1034,1173),@(95,1366,526,1806))
  "is05"=@(@(111,280,445,759),@(493,431,1008,911),@(533,945,1048,1425),@(150,789,483,1268),@(188,1298,521,1777))
  "is07"=@(@(195,260,845,825),@(175,235,847,909),@(341,936,1087,1604),@(291,896,1125,1761))
  "is08"=@(@(231,110,783,662),@(49,1295,601,1847),@(502,736,1054,1288))
  "is14"=@(@(562,0,1125,556),@(564,556,1125,1120),@(564,1440,1125,2000),@(0,1119,564,1689))
  "is15"=@(@(176,567,949,1060),@(176,1255,949,1749))
  "sm01"=@(@(44,239,1033,708),@(44,1443,1033,1911),@(70,760,1059,1260))
  "sm03"=@(@(299,461,881,845),@(291,295,889,1011),@(477,1088,1059,1471),@(443,781,1068,1530),@(591,1517,1125,1900),@(485,1156,1125,2000))
  "sm05"=@(@(270,329,856,1058),@(772,684,1069,981),@(772,1013,1069,1310),@(772,1341,1069,1638))
  "sm06"=@(@(52,269,615,716),@(52,1372,1073,1820),@(510,904,1073,1351),@(635,269,1073,883),@(52,736,490,1351))
  "sm08"=@(@(21,151,368,620),@(21,641,368,1109),@(21,1130,368,1599),@(389,286,735,755),@(389,776,735,1245),@(389,1266,735,1734),@(757,400,1104,869),@(757,890,1104,1358),@(757,1379,1104,1848))
---MASKS---
  "bd02"="NONE"
  "bd04"="NONE"
  "bd08"="NONE"
  "cp02"="NONE"
  "gs01"="NONE"
  "gs04"="NONE"
  "gs06"="NONE"
  "is05"="NONE"
  "is07"="NONE"
  "is08"="NONE"
  "is14"="NONE"
  "is15"="NONE"
  "sm03"="NONE"
  "sm05"="NONE"
  "sm06"="NONE"
  "sm08"="NONE"
